512 3072 1
1 generic
0 0 0 0 1.0 0 0 1 0.0 0 0 1 generic core
1 0 0 1 1.0 0 0 1 0.0 0 0 1 generic core
2 0 0 2 1.0 0 0 1 0.0 0 0 1 generic core
3 0 0 3 1.0 0 0 1 0.0 0 0 1 generic core
4 0 0 4 1.0 0 0 1 0.0 0 0 1 generic core
5 0 0 5 1.0 0 0 1 0.0 0 0 1 generic core
6 0 0 6 1.0 0 0 1 0.0 0 0 1 generic core
7 0 0 7 1.0 0 0 1 0.0 0 0 1 generic core
8 0 1 0 1.0 0 0 1 0.0 0 0 1 generic core
9 0 1 1 1.0 0 0 1 0.0 0 0 1 generic core
10 0 1 2 1.0 0 0 1 0.0 0 0 1 generic core
11 0 1 3 1.0 0 0 1 0.0 0 0 1 generic core
12 0 1 4 1.0 0 0 1 0.0 0 0 1 generic core
13 0 1 5 1.0 0 0 1 0.0 0 0 1 generic core
14 0 1 6 1.0 0 0 1 0.0 0 0 1 generic core
15 0 1 7 1.0 0 0 1 0.0 0 0 1 generic core
16 0 2 0 1.0 0 0 1 0.0 0 0 1 generic core
17 0 2 1 1.0 0 0 1 0.0 0 0 1 generic core
18 0 2 2 1.0 0 0 1 0.0 0 0 1 generic core
19 0 2 3 1.0 0 0 1 0.0 0 0 1 generic core
20 0 2 4 1.0 0 0 1 0.0 0 0 1 generic core
21 0 2 5 1.0 0 0 1 0.0 0 0 1 generic core
22 0 2 6 1.0 0 0 1 0.0 0 0 1 generic core
23 0 2 7 1.0 0 0 1 0.0 0 0 1 generic core
24 0 3 0 1.0 0 0 1 0.0 0 0 1 generic core
25 0 3 1 1.0 0 0 1 0.0 0 0 1 generic core
26 0 3 2 1.0 0 0 1 0.0 0 0 1 generic core
27 0 3 3 1.0 0 0 1 0.0 0 0 1 generic core
28 0 3 4 1.0 0 0 1 0.0 0 0 1 generic core
29 0 3 5 1.0 0 0 1 0.0 0 0 1 generic core
30 0 3 6 1.0 0 0 1 0.0 0 0 1 generic core
31 0 3 7 1.0 0 0 1 0.0 0 0 1 generic core
32 0 4 0 1.0 0 0 1 0.0 0 0 1 generic core
33 0 4 1 1.0 0 0 1 0.0 0 0 1 generic core
34 0 4 2 1.0 0 0 1 0.0 0 0 1 generic core
35 0 4 3 1.0 0 0 1 0.0 0 0 1 generic core
36 0 4 4 1.0 0 0 1 0.0 0 0 1 generic core
37 0 4 5 1.0 0 0 1 0.0 0 0 1 generic core
38 0 4 6 1.0 0 0 1 0.0 0 0 1 generic core
39 0 4 7 1.0 0 0 1 0.0 0 0 1 generic core
40 0 5 0 1.0 0 0 1 0.0 0 0 1 generic core
41 0 5 1 1.0 0 0 1 0.0 0 0 1 generic core
42 0 5 2 1.0 0 0 1 0.0 0 0 1 generic core
43 0 5 3 1.0 0 0 1 0.0 0 0 1 generic core
44 0 5 4 1.0 0 0 1 0.0 0 0 1 generic core
45 0 5 5 1.0 0 0 1 0.0 0 0 1 generic core
46 0 5 6 1.0 0 0 1 0.0 0 0 1 generic core
47 0 5 7 1.0 0 0 1 0.0 0 0 1 generic core
48 0 6 0 1.0 0 0 1 0.0 0 0 1 generic core
49 0 6 1 1.0 0 0 1 0.0 0 0 1 generic core
50 0 6 2 1.0 0 0 1 0.0 0 0 1 generic core
51 0 6 3 1.0 0 0 1 0.0 0 0 1 generic core
52 0 6 4 1.0 0 0 1 0.0 0 0 1 generic core
53 0 6 5 1.0 0 0 1 0.0 0 0 1 generic core
54 0 6 6 1.0 0 0 1 0.0 0 0 1 generic core
55 0 6 7 1.0 0 0 1 0.0 0 0 1 generic core
56 0 7 0 1.0 0 0 1 0.0 0 0 1 generic core
57 0 7 1 1.0 0 0 1 0.0 0 0 1 generic core
58 0 7 2 1.0 0 0 1 0.0 0 0 1 generic core
59 0 7 3 1.0 0 0 1 0.0 0 0 1 generic core
60 0 7 4 1.0 0 0 1 0.0 0 0 1 generic core
61 0 7 5 1.0 0 0 1 0.0 0 0 1 generic core
62 0 7 6 1.0 0 0 1 0.0 0 0 1 generic core
63 0 7 7 1.0 0 0 1 0.0 0 0 1 generic core
64 1 0 0 1.0 0 0 1 0.0 0 0 1 generic core
65 1 0 1 1.0 0 0 1 0.0 0 0 1 generic core
66 1 0 2 1.0 0 0 1 0.0 0 0 1 generic core
67 1 0 3 1.0 0 0 1 0.0 0 0 1 generic core
68 1 0 4 1.0 0 0 1 0.0 0 0 1 generic core
69 1 0 5 1.0 0 0 1 0.0 0 0 1 generic core
70 1 0 6 1.0 0 0 1 0.0 0 0 1 generic core
71 1 0 7 1.0 0 0 1 0.0 0 0 1 generic core
72 1 1 0 1.0 0 0 1 0.0 0 0 1 generic core
73 1 1 1 1.0 0 0 1 0.0 0 0 1 generic core
74 1 1 2 1.0 0 0 1 0.0 0 0 1 generic core
75 1 1 3 1.0 0 0 1 0.0 0 0 1 generic core
76 1 1 4 1.0 0 0 1 0.0 0 0 1 generic core
77 1 1 5 1.0 0 0 1 0.0 0 0 1 generic core
78 1 1 6 1.0 0 0 1 0.0 0 0 1 generic core
79 1 1 7 1.0 0 0 1 0.0 0 0 1 generic core
80 1 2 0 1.0 0 0 1 0.0 0 0 1 generic core
81 1 2 1 1.0 0 0 1 0.0 0 0 1 generic core
82 1 2 2 1.0 0 0 1 0.0 0 0 1 generic core
83 1 2 3 1.0 0 0 1 0.0 0 0 1 generic core
84 1 2 4 1.0 0 0 1 0.0 0 0 1 generic core
85 1 2 5 1.0 0 0 1 0.0 0 0 1 generic core
86 1 2 6 1.0 0 0 1 0.0 0 0 1 generic core
87 1 2 7 1.0 0 0 1 0.0 0 0 1 generic core
88 1 3 0 1.0 0 0 1 0.0 0 0 1 generic core
89 1 3 1 1.0 0 0 1 0.0 0 0 1 generic core
90 1 3 2 1.0 0 0 1 0.0 0 0 1 generic core
91 1 3 3 1.0 0 0 1 0.0 0 0 1 generic core
92 1 3 4 1.0 0 0 1 0.0 0 0 1 generic core
93 1 3 5 1.0 0 0 1 0.0 0 0 1 generic core
94 1 3 6 1.0 0 0 1 0.0 0 0 1 generic core
95 1 3 7 1.0 0 0 1 0.0 0 0 1 generic core
96 1 4 0 1.0 0 0 1 0.0 0 0 1 generic core
97 1 4 1 1.0 0 0 1 0.0 0 0 1 generic core
98 1 4 2 1.0 0 0 1 0.0 0 0 1 generic core
99 1 4 3 1.0 0 0 1 0.0 0 0 1 generic core
100 1 4 4 1.0 0 0 1 0.0 0 0 1 generic core
101 1 4 5 1.0 0 0 1 0.0 0 0 1 generic core
102 1 4 6 1.0 0 0 1 0.0 0 0 1 generic core
103 1 4 7 1.0 0 0 1 0.0 0 0 1 generic core
104 1 5 0 1.0 0 0 1 0.0 0 0 1 generic core
105 1 5 1 1.0 0 0 1 0.0 0 0 1 generic core
106 1 5 2 1.0 0 0 1 0.0 0 0 1 generic core
107 1 5 3 1.0 0 0 1 0.0 0 0 1 generic core
108 1 5 4 1.0 0 0 1 0.0 0 0 1 generic core
109 1 5 5 1.0 0 0 1 0.0 0 0 1 generic core
110 1 5 6 1.0 0 0 1 0.0 0 0 1 generic core
111 1 5 7 1.0 0 0 1 0.0 0 0 1 generic core
112 1 6 0 1.0 0 0 1 0.0 0 0 1 generic core
113 1 6 1 1.0 0 0 1 0.0 0 0 1 generic core
114 1 6 2 1.0 0 0 1 0.0 0 0 1 generic core
115 1 6 3 1.0 0 0 1 0.0 0 0 1 generic core
116 1 6 4 1.0 0 0 1 0.0 0 0 1 generic core
117 1 6 5 1.0 0 0 1 0.0 0 0 1 generic core
118 1 6 6 1.0 0 0 1 0.0 0 0 1 generic core
119 1 6 7 1.0 0 0 1 0.0 0 0 1 generic core
120 1 7 0 1.0 0 0 1 0.0 0 0 1 generic core
121 1 7 1 1.0 0 0 1 0.0 0 0 1 generic core
122 1 7 2 1.0 0 0 1 0.0 0 0 1 generic core
123 1 7 3 1.0 0 0 1 0.0 0 0 1 generic core
124 1 7 4 1.0 0 0 1 0.0 0 0 1 generic core
125 1 7 5 1.0 0 0 1 0.0 0 0 1 generic core
126 1 7 6 1.0 0 0 1 0.0 0 0 1 generic core
127 1 7 7 1.0 0 0 1 0.0 0 0 1 generic core
128 2 0 0 1.0 0 0 1 0.0 0 0 1 generic core
129 2 0 1 1.0 0 0 1 0.0 0 0 1 generic core
130 2 0 2 1.0 0 0 1 0.0 0 0 1 generic core
131 2 0 3 1.0 0 0 1 0.0 0 0 1 generic core
132 2 0 4 1.0 0 0 1 0.0 0 0 1 generic core
133 2 0 5 1.0 0 0 1 0.0 0 0 1 generic core
134 2 0 6 1.0 0 0 1 0.0 0 0 1 generic core
135 2 0 7 1.0 0 0 1 0.0 0 0 1 generic core
136 2 1 0 1.0 0 0 1 0.0 0 0 1 generic core
137 2 1 1 1.0 0 0 1 0.0 0 0 1 generic core
138 2 1 2 1.0 0 0 1 0.0 0 0 1 generic core
139 2 1 3 1.0 0 0 1 0.0 0 0 1 generic core
140 2 1 4 1.0 0 0 1 0.0 0 0 1 generic core
141 2 1 5 1.0 0 0 1 0.0 0 0 1 generic core
142 2 1 6 1.0 0 0 1 0.0 0 0 1 generic core
143 2 1 7 1.0 0 0 1 0.0 0 0 1 generic core
144 2 2 0 1.0 0 0 1 0.0 0 0 1 generic core
145 2 2 1 1.0 0 0 1 0.0 0 0 1 generic core
146 2 2 2 1.0 0 0 1 0.0 0 0 1 generic core
147 2 2 3 1.0 0 0 1 0.0 0 0 1 generic core
148 2 2 4 1.0 0 0 1 0.0 0 0 1 generic core
149 2 2 5 1.0 0 0 1 0.0 0 0 1 generic core
150 2 2 6 1.0 0 0 1 0.0 0 0 1 generic core
151 2 2 7 1.0 0 0 1 0.0 0 0 1 generic core
152 2 3 0 1.0 0 0 1 0.0 0 0 1 generic core
153 2 3 1 1.0 0 0 1 0.0 0 0 1 generic core
154 2 3 2 1.0 0 0 1 0.0 0 0 1 generic core
155 2 3 3 1.0 0 0 1 0.0 0 0 1 generic core
156 2 3 4 1.0 0 0 1 0.0 0 0 1 generic core
157 2 3 5 1.0 0 0 1 0.0 0 0 1 generic core
158 2 3 6 1.0 0 0 1 0.0 0 0 1 generic core
159 2 3 7 1.0 0 0 1 0.0 0 0 1 generic core
160 2 4 0 1.0 0 0 1 0.0 0 0 1 generic core
161 2 4 1 1.0 0 0 1 0.0 0 0 1 generic core
162 2 4 2 1.0 0 0 1 0.0 0 0 1 generic core
163 2 4 3 1.0 0 0 1 0.0 0 0 1 generic core
164 2 4 4 1.0 0 0 1 0.0 0 0 1 generic core
165 2 4 5 1.0 0 0 1 0.0 0 0 1 generic core
166 2 4 6 1.0 0 0 1 0.0 0 0 1 generic core
167 2 4 7 1.0 0 0 1 0.0 0 0 1 generic core
168 2 5 0 1.0 0 0 1 0.0 0 0 1 generic core
169 2 5 1 1.0 0 0 1 0.0 0 0 1 generic core
170 2 5 2 1.0 0 0 1 0.0 0 0 1 generic core
171 2 5 3 1.0 0 0 1 0.0 0 0 1 generic core
172 2 5 4 1.0 0 0 1 0.0 0 0 1 generic core
173 2 5 5 1.0 0 0 1 0.0 0 0 1 generic core
174 2 5 6 1.0 0 0 1 0.0 0 0 1 generic core
175 2 5 7 1.0 0 0 1 0.0 0 0 1 generic core
176 2 6 0 1.0 0 0 1 0.0 0 0 1 generic core
177 2 6 1 1.0 0 0 1 0.0 0 0 1 generic core
178 2 6 2 1.0 0 0 1 0.0 0 0 1 generic core
179 2 6 3 1.0 0 0 1 0.0 0 0 1 generic core
180 2 6 4 1.0 0 0 1 0.0 0 0 1 generic core
181 2 6 5 1.0 0 0 1 0.0 0 0 1 generic core
182 2 6 6 1.0 0 0 1 0.0 0 0 1 generic core
183 2 6 7 1.0 0 0 1 0.0 0 0 1 generic core
184 2 7 0 1.0 0 0 1 0.0 0 0 1 generic core
185 2 7 1 1.0 0 0 1 0.0 0 0 1 generic core
186 2 7 2 1.0 0 0 1 0.0 0 0 1 generic core
187 2 7 3 1.0 0 0 1 0.0 0 0 1 generic core
188 2 7 4 1.0 0 0 1 0.0 0 0 1 generic core
189 2 7 5 1.0 0 0 1 0.0 0 0 1 generic core
190 2 7 6 1.0 0 0 1 0.0 0 0 1 generic core
191 2 7 7 1.0 0 0 1 0.0 0 0 1 generic core
192 3 0 0 1.0 0 0 1 0.0 0 0 1 generic core
193 3 0 1 1.0 0 0 1 0.0 0 0 1 generic core
194 3 0 2 1.0 0 0 1 0.0 0 0 1 generic core
195 3 0 3 1.0 0 0 1 0.0 0 0 1 generic core
196 3 0 4 1.0 0 0 1 0.0 0 0 1 generic core
197 3 0 5 1.0 0 0 1 0.0 0 0 1 generic core
198 3 0 6 1.0 0 0 1 0.0 0 0 1 generic core
199 3 0 7 1.0 0 0 1 0.0 0 0 1 generic core
200 3 1 0 1.0 0 0 1 0.0 0 0 1 generic core
201 3 1 1 1.0 0 0 1 0.0 0 0 1 generic core
202 3 1 2 1.0 0 0 1 0.0 0 0 1 generic core
203 3 1 3 1.0 0 0 1 0.0 0 0 1 generic core
204 3 1 4 1.0 0 0 1 0.0 0 0 1 generic core
205 3 1 5 1.0 0 0 1 0.0 0 0 1 generic core
206 3 1 6 1.0 0 0 1 0.0 0 0 1 generic core
207 3 1 7 1.0 0 0 1 0.0 0 0 1 generic core
208 3 2 0 1.0 0 0 1 0.0 0 0 1 generic core
209 3 2 1 1.0 0 0 1 0.0 0 0 1 generic core
210 3 2 2 1.0 0 0 1 0.0 0 0 1 generic core
211 3 2 3 1.0 0 0 1 0.0 0 0 1 generic core
212 3 2 4 1.0 0 0 1 0.0 0 0 1 generic core
213 3 2 5 1.0 0 0 1 0.0 0 0 1 generic core
214 3 2 6 1.0 0 0 1 0.0 0 0 1 generic core
215 3 2 7 1.0 0 0 1 0.0 0 0 1 generic core
216 3 3 0 1.0 0 0 1 0.0 0 0 1 generic core
217 3 3 1 1.0 0 0 1 0.0 0 0 1 generic core
218 3 3 2 1.0 0 0 1 0.0 0 0 1 generic core
219 3 3 3 1.0 0 0 1 0.0 0 0 1 generic core
220 3 3 4 1.0 0 0 1 0.0 0 0 1 generic core
221 3 3 5 1.0 0 0 1 0.0 0 0 1 generic core
222 3 3 6 1.0 0 0 1 0.0 0 0 1 generic core
223 3 3 7 1.0 0 0 1 0.0 0 0 1 generic core
224 3 4 0 1.0 0 0 1 0.0 0 0 1 generic core
225 3 4 1 1.0 0 0 1 0.0 0 0 1 generic core
226 3 4 2 1.0 0 0 1 0.0 0 0 1 generic core
227 3 4 3 1.0 0 0 1 0.0 0 0 1 generic core
228 3 4 4 1.0 0 0 1 0.0 0 0 1 generic core
229 3 4 5 1.0 0 0 1 0.0 0 0 1 generic core
230 3 4 6 1.0 0 0 1 0.0 0 0 1 generic core
231 3 4 7 1.0 0 0 1 0.0 0 0 1 generic core
232 3 5 0 1.0 0 0 1 0.0 0 0 1 generic core
233 3 5 1 1.0 0 0 1 0.0 0 0 1 generic core
234 3 5 2 1.0 0 0 1 0.0 0 0 1 generic core
235 3 5 3 1.0 0 0 1 0.0 0 0 1 generic core
236 3 5 4 1.0 0 0 1 0.0 0 0 1 generic core
237 3 5 5 1.0 0 0 1 0.0 0 0 1 generic core
238 3 5 6 1.0 0 0 1 0.0 0 0 1 generic core
239 3 5 7 1.0 0 0 1 0.0 0 0 1 generic core
240 3 6 0 1.0 0 0 1 0.0 0 0 1 generic core
241 3 6 1 1.0 0 0 1 0.0 0 0 1 generic core
242 3 6 2 1.0 0 0 1 0.0 0 0 1 generic core
243 3 6 3 1.0 0 0 1 0.0 0 0 1 generic core
244 3 6 4 1.0 0 0 1 0.0 0 0 1 generic core
245 3 6 5 1.0 0 0 1 0.0 0 0 1 generic core
246 3 6 6 1.0 0 0 1 0.0 0 0 1 generic core
247 3 6 7 1.0 0 0 1 0.0 0 0 1 generic core
248 3 7 0 1.0 0 0 1 0.0 0 0 1 generic core
249 3 7 1 1.0 0 0 1 0.0 0 0 1 generic core
250 3 7 2 1.0 0 0 1 0.0 0 0 1 generic core
251 3 7 3 1.0 0 0 1 0.0 0 0 1 generic core
252 3 7 4 1.0 0 0 1 0.0 0 0 1 generic core
253 3 7 5 1.0 0 0 1 0.0 0 0 1 generic core
254 3 7 6 1.0 0 0 1 0.0 0 0 1 generic core
255 3 7 7 1.0 0 0 1 0.0 0 0 1 generic core
256 4 0 0 1.0 0 0 1 0.0 0 0 1 generic core
257 4 0 1 1.0 0 0 1 0.0 0 0 1 generic core
258 4 0 2 1.0 0 0 1 0.0 0 0 1 generic core
259 4 0 3 1.0 0 0 1 0.0 0 0 1 generic core
260 4 0 4 1.0 0 0 1 0.0 0 0 1 generic core
261 4 0 5 1.0 0 0 1 0.0 0 0 1 generic core
262 4 0 6 1.0 0 0 1 0.0 0 0 1 generic core
263 4 0 7 1.0 0 0 1 0.0 0 0 1 generic core
264 4 1 0 1.0 0 0 1 0.0 0 0 1 generic core
265 4 1 1 1.0 0 0 1 0.0 0 0 1 generic core
266 4 1 2 1.0 0 0 1 0.0 0 0 1 generic core
267 4 1 3 1.0 0 0 1 0.0 0 0 1 generic core
268 4 1 4 1.0 0 0 1 0.0 0 0 1 generic core
269 4 1 5 1.0 0 0 1 0.0 0 0 1 generic core
270 4 1 6 1.0 0 0 1 0.0 0 0 1 generic core
271 4 1 7 1.0 0 0 1 0.0 0 0 1 generic core
272 4 2 0 1.0 0 0 1 0.0 0 0 1 generic core
273 4 2 1 1.0 0 0 1 0.0 0 0 1 generic core
274 4 2 2 1.0 0 0 1 0.0 0 0 1 generic core
275 4 2 3 1.0 0 0 1 0.0 0 0 1 generic core
276 4 2 4 1.0 0 0 1 0.0 0 0 1 generic core
277 4 2 5 1.0 0 0 1 0.0 0 0 1 generic core
278 4 2 6 1.0 0 0 1 0.0 0 0 1 generic core
279 4 2 7 1.0 0 0 1 0.0 0 0 1 generic core
280 4 3 0 1.0 0 0 1 0.0 0 0 1 generic core
281 4 3 1 1.0 0 0 1 0.0 0 0 1 generic core
282 4 3 2 1.0 0 0 1 0.0 0 0 1 generic core
283 4 3 3 1.0 0 0 1 0.0 0 0 1 generic core
284 4 3 4 1.0 0 0 1 0.0 0 0 1 generic core
285 4 3 5 1.0 0 0 1 0.0 0 0 1 generic core
286 4 3 6 1.0 0 0 1 0.0 0 0 1 generic core
287 4 3 7 1.0 0 0 1 0.0 0 0 1 generic core
288 4 4 0 1.0 0 0 1 0.0 0 0 1 generic core
289 4 4 1 1.0 0 0 1 0.0 0 0 1 generic core
290 4 4 2 1.0 0 0 1 0.0 0 0 1 generic core
291 4 4 3 1.0 0 0 1 0.0 0 0 1 generic core
292 4 4 4 1.0 0 0 1 0.0 0 0 1 generic core
293 4 4 5 1.0 0 0 1 0.0 0 0 1 generic core
294 4 4 6 1.0 0 0 1 0.0 0 0 1 generic core
295 4 4 7 1.0 0 0 1 0.0 0 0 1 generic core
296 4 5 0 1.0 0 0 1 0.0 0 0 1 generic core
297 4 5 1 1.0 0 0 1 0.0 0 0 1 generic core
298 4 5 2 1.0 0 0 1 0.0 0 0 1 generic core
299 4 5 3 1.0 0 0 1 0.0 0 0 1 generic core
300 4 5 4 1.0 0 0 1 0.0 0 0 1 generic core
301 4 5 5 1.0 0 0 1 0.0 0 0 1 generic core
302 4 5 6 1.0 0 0 1 0.0 0 0 1 generic core
303 4 5 7 1.0 0 0 1 0.0 0 0 1 generic core
304 4 6 0 1.0 0 0 1 0.0 0 0 1 generic core
305 4 6 1 1.0 0 0 1 0.0 0 0 1 generic core
306 4 6 2 1.0 0 0 1 0.0 0 0 1 generic core
307 4 6 3 1.0 0 0 1 0.0 0 0 1 generic core
308 4 6 4 1.0 0 0 1 0.0 0 0 1 generic core
309 4 6 5 1.0 0 0 1 0.0 0 0 1 generic core
310 4 6 6 1.0 0 0 1 0.0 0 0 1 generic core
311 4 6 7 1.0 0 0 1 0.0 0 0 1 generic core
312 4 7 0 1.0 0 0 1 0.0 0 0 1 generic core
313 4 7 1 1.0 0 0 1 0.0 0 0 1 generic core
314 4 7 2 1.0 0 0 1 0.0 0 0 1 generic core
315 4 7 3 1.0 0 0 1 0.0 0 0 1 generic core
316 4 7 4 1.0 0 0 1 0.0 0 0 1 generic core
317 4 7 5 1.0 0 0 1 0.0 0 0 1 generic core
318 4 7 6 1.0 0 0 1 0.0 0 0 1 generic core
319 4 7 7 1.0 0 0 1 0.0 0 0 1 generic core
320 5 0 0 1.0 0 0 1 0.0 0 0 1 generic core
321 5 0 1 1.0 0 0 1 0.0 0 0 1 generic core
322 5 0 2 1.0 0 0 1 0.0 0 0 1 generic core
323 5 0 3 1.0 0 0 1 0.0 0 0 1 generic core
324 5 0 4 1.0 0 0 1 0.0 0 0 1 generic core
325 5 0 5 1.0 0 0 1 0.0 0 0 1 generic core
326 5 0 6 1.0 0 0 1 0.0 0 0 1 generic core
327 5 0 7 1.0 0 0 1 0.0 0 0 1 generic core
328 5 1 0 1.0 0 0 1 0.0 0 0 1 generic core
329 5 1 1 1.0 0 0 1 0.0 0 0 1 generic core
330 5 1 2 1.0 0 0 1 0.0 0 0 1 generic core
331 5 1 3 1.0 0 0 1 0.0 0 0 1 generic core
332 5 1 4 1.0 0 0 1 0.0 0 0 1 generic core
333 5 1 5 1.0 0 0 1 0.0 0 0 1 generic core
334 5 1 6 1.0 0 0 1 0.0 0 0 1 generic core
335 5 1 7 1.0 0 0 1 0.0 0 0 1 generic core
336 5 2 0 1.0 0 0 1 0.0 0 0 1 generic core
337 5 2 1 1.0 0 0 1 0.0 0 0 1 generic core
338 5 2 2 1.0 0 0 1 0.0 0 0 1 generic core
339 5 2 3 1.0 0 0 1 0.0 0 0 1 generic core
340 5 2 4 1.0 0 0 1 0.0 0 0 1 generic core
341 5 2 5 1.0 0 0 1 0.0 0 0 1 generic core
342 5 2 6 1.0 0 0 1 0.0 0 0 1 generic core
343 5 2 7 1.0 0 0 1 0.0 0 0 1 generic core
344 5 3 0 1.0 0 0 1 0.0 0 0 1 generic core
345 5 3 1 1.0 0 0 1 0.0 0 0 1 generic core
346 5 3 2 1.0 0 0 1 0.0 0 0 1 generic core
347 5 3 3 1.0 0 0 1 0.0 0 0 1 generic core
348 5 3 4 1.0 0 0 1 0.0 0 0 1 generic core
349 5 3 5 1.0 0 0 1 0.0 0 0 1 generic core
350 5 3 6 1.0 0 0 1 0.0 0 0 1 generic core
351 5 3 7 1.0 0 0 1 0.0 0 0 1 generic core
352 5 4 0 1.0 0 0 1 0.0 0 0 1 generic core
353 5 4 1 1.0 0 0 1 0.0 0 0 1 generic core
354 5 4 2 1.0 0 0 1 0.0 0 0 1 generic core
355 5 4 3 1.0 0 0 1 0.0 0 0 1 generic core
356 5 4 4 1.0 0 0 1 0.0 0 0 1 generic core
357 5 4 5 1.0 0 0 1 0.0 0 0 1 generic core
358 5 4 6 1.0 0 0 1 0.0 0 0 1 generic core
359 5 4 7 1.0 0 0 1 0.0 0 0 1 generic core
360 5 5 0 1.0 0 0 1 0.0 0 0 1 generic core
361 5 5 1 1.0 0 0 1 0.0 0 0 1 generic core
362 5 5 2 1.0 0 0 1 0.0 0 0 1 generic core
363 5 5 3 1.0 0 0 1 0.0 0 0 1 generic core
364 5 5 4 1.0 0 0 1 0.0 0 0 1 generic core
365 5 5 5 1.0 0 0 1 0.0 0 0 1 generic core
366 5 5 6 1.0 0 0 1 0.0 0 0 1 generic core
367 5 5 7 1.0 0 0 1 0.0 0 0 1 generic core
368 5 6 0 1.0 0 0 1 0.0 0 0 1 generic core
369 5 6 1 1.0 0 0 1 0.0 0 0 1 generic core
370 5 6 2 1.0 0 0 1 0.0 0 0 1 generic core
371 5 6 3 1.0 0 0 1 0.0 0 0 1 generic core
372 5 6 4 1.0 0 0 1 0.0 0 0 1 generic core
373 5 6 5 1.0 0 0 1 0.0 0 0 1 generic core
374 5 6 6 1.0 0 0 1 0.0 0 0 1 generic core
375 5 6 7 1.0 0 0 1 0.0 0 0 1 generic core
376 5 7 0 1.0 0 0 1 0.0 0 0 1 generic core
377 5 7 1 1.0 0 0 1 0.0 0 0 1 generic core
378 5 7 2 1.0 0 0 1 0.0 0 0 1 generic core
379 5 7 3 1.0 0 0 1 0.0 0 0 1 generic core
380 5 7 4 1.0 0 0 1 0.0 0 0 1 generic core
381 5 7 5 1.0 0 0 1 0.0 0 0 1 generic core
382 5 7 6 1.0 0 0 1 0.0 0 0 1 generic core
383 5 7 7 1.0 0 0 1 0.0 0 0 1 generic core
384 6 0 0 1.0 0 0 1 0.0 0 0 1 generic core
385 6 0 1 1.0 0 0 1 0.0 0 0 1 generic core
386 6 0 2 1.0 0 0 1 0.0 0 0 1 generic core
387 6 0 3 1.0 0 0 1 0.0 0 0 1 generic core
388 6 0 4 1.0 0 0 1 0.0 0 0 1 generic core
389 6 0 5 1.0 0 0 1 0.0 0 0 1 generic core
390 6 0 6 1.0 0 0 1 0.0 0 0 1 generic core
391 6 0 7 1.0 0 0 1 0.0 0 0 1 generic core
392 6 1 0 1.0 0 0 1 0.0 0 0 1 generic core
393 6 1 1 1.0 0 0 1 0.0 0 0 1 generic core
394 6 1 2 1.0 0 0 1 0.0 0 0 1 generic core
395 6 1 3 1.0 0 0 1 0.0 0 0 1 generic core
396 6 1 4 1.0 0 0 1 0.0 0 0 1 generic core
397 6 1 5 1.0 0 0 1 0.0 0 0 1 generic core
398 6 1 6 1.0 0 0 1 0.0 0 0 1 generic core
399 6 1 7 1.0 0 0 1 0.0 0 0 1 generic core
400 6 2 0 1.0 0 0 1 0.0 0 0 1 generic core
401 6 2 1 1.0 0 0 1 0.0 0 0 1 generic core
402 6 2 2 1.0 0 0 1 0.0 0 0 1 generic core
403 6 2 3 1.0 0 0 1 0.0 0 0 1 generic core
404 6 2 4 1.0 0 0 1 0.0 0 0 1 generic core
405 6 2 5 1.0 0 0 1 0.0 0 0 1 generic core
406 6 2 6 1.0 0 0 1 0.0 0 0 1 generic core
407 6 2 7 1.0 0 0 1 0.0 0 0 1 generic core
408 6 3 0 1.0 0 0 1 0.0 0 0 1 generic core
409 6 3 1 1.0 0 0 1 0.0 0 0 1 generic core
410 6 3 2 1.0 0 0 1 0.0 0 0 1 generic core
411 6 3 3 1.0 0 0 1 0.0 0 0 1 generic core
412 6 3 4 1.0 0 0 1 0.0 0 0 1 generic core
413 6 3 5 1.0 0 0 1 0.0 0 0 1 generic core
414 6 3 6 1.0 0 0 1 0.0 0 0 1 generic core
415 6 3 7 1.0 0 0 1 0.0 0 0 1 generic core
416 6 4 0 1.0 0 0 1 0.0 0 0 1 generic core
417 6 4 1 1.0 0 0 1 0.0 0 0 1 generic core
418 6 4 2 1.0 0 0 1 0.0 0 0 1 generic core
419 6 4 3 1.0 0 0 1 0.0 0 0 1 generic core
420 6 4 4 1.0 0 0 1 0.0 0 0 1 generic core
421 6 4 5 1.0 0 0 1 0.0 0 0 1 generic core
422 6 4 6 1.0 0 0 1 0.0 0 0 1 generic core
423 6 4 7 1.0 0 0 1 0.0 0 0 1 generic core
424 6 5 0 1.0 0 0 1 0.0 0 0 1 generic core
425 6 5 1 1.0 0 0 1 0.0 0 0 1 generic core
426 6 5 2 1.0 0 0 1 0.0 0 0 1 generic core
427 6 5 3 1.0 0 0 1 0.0 0 0 1 generic core
428 6 5 4 1.0 0 0 1 0.0 0 0 1 generic core
429 6 5 5 1.0 0 0 1 0.0 0 0 1 generic core
430 6 5 6 1.0 0 0 1 0.0 0 0 1 generic core
431 6 5 7 1.0 0 0 1 0.0 0 0 1 generic core
432 6 6 0 1.0 0 0 1 0.0 0 0 1 generic core
433 6 6 1 1.0 0 0 1 0.0 0 0 1 generic core
434 6 6 2 1.0 0 0 1 0.0 0 0 1 generic core
435 6 6 3 1.0 0 0 1 0.0 0 0 1 generic core
436 6 6 4 1.0 0 0 1 0.0 0 0 1 generic core
437 6 6 5 1.0 0 0 1 0.0 0 0 1 generic core
438 6 6 6 1.0 0 0 1 0.0 0 0 1 generic core
439 6 6 7 1.0 0 0 1 0.0 0 0 1 generic core
440 6 7 0 1.0 0 0 1 0.0 0 0 1 generic core
441 6 7 1 1.0 0 0 1 0.0 0 0 1 generic core
442 6 7 2 1.0 0 0 1 0.0 0 0 1 generic core
443 6 7 3 1.0 0 0 1 0.0 0 0 1 generic core
444 6 7 4 1.0 0 0 1 0.0 0 0 1 generic core
445 6 7 5 1.0 0 0 1 0.0 0 0 1 generic core
446 6 7 6 1.0 0 0 1 0.0 0 0 1 generic core
447 6 7 7 1.0 0 0 1 0.0 0 0 1 generic core
448 7 0 0 1.0 0 0 1 0.0 0 0 1 generic core
449 7 0 1 1.0 0 0 1 0.0 0 0 1 generic core
450 7 0 2 1.0 0 0 1 0.0 0 0 1 generic core
451 7 0 3 1.0 0 0 1 0.0 0 0 1 generic core
452 7 0 4 1.0 0 0 1 0.0 0 0 1 generic core
453 7 0 5 1.0 0 0 1 0.0 0 0 1 generic core
454 7 0 6 1.0 0 0 1 0.0 0 0 1 generic core
455 7 0 7 1.0 0 0 1 0.0 0 0 1 generic core
456 7 1 0 1.0 0 0 1 0.0 0 0 1 generic core
457 7 1 1 1.0 0 0 1 0.0 0 0 1 generic core
458 7 1 2 1.0 0 0 1 0.0 0 0 1 generic core
459 7 1 3 1.0 0 0 1 0.0 0 0 1 generic core
460 7 1 4 1.0 0 0 1 0.0 0 0 1 generic core
461 7 1 5 1.0 0 0 1 0.0 0 0 1 generic core
462 7 1 6 1.0 0 0 1 0.0 0 0 1 generic core
463 7 1 7 1.0 0 0 1 0.0 0 0 1 generic core
464 7 2 0 1.0 0 0 1 0.0 0 0 1 generic core
465 7 2 1 1.0 0 0 1 0.0 0 0 1 generic core
466 7 2 2 1.0 0 0 1 0.0 0 0 1 generic core
467 7 2 3 1.0 0 0 1 0.0 0 0 1 generic core
468 7 2 4 1.0 0 0 1 0.0 0 0 1 generic core
469 7 2 5 1.0 0 0 1 0.0 0 0 1 generic core
470 7 2 6 1.0 0 0 1 0.0 0 0 1 generic core
471 7 2 7 1.0 0 0 1 0.0 0 0 1 generic core
472 7 3 0 1.0 0 0 1 0.0 0 0 1 generic core
473 7 3 1 1.0 0 0 1 0.0 0 0 1 generic core
474 7 3 2 1.0 0 0 1 0.0 0 0 1 generic core
475 7 3 3 1.0 0 0 1 0.0 0 0 1 generic core
476 7 3 4 1.0 0 0 1 0.0 0 0 1 generic core
477 7 3 5 1.0 0 0 1 0.0 0 0 1 generic core
478 7 3 6 1.0 0 0 1 0.0 0 0 1 generic core
479 7 3 7 1.0 0 0 1 0.0 0 0 1 generic core
480 7 4 0 1.0 0 0 1 0.0 0 0 1 generic core
481 7 4 1 1.0 0 0 1 0.0 0 0 1 generic core
482 7 4 2 1.0 0 0 1 0.0 0 0 1 generic core
483 7 4 3 1.0 0 0 1 0.0 0 0 1 generic core
484 7 4 4 1.0 0 0 1 0.0 0 0 1 generic core
485 7 4 5 1.0 0 0 1 0.0 0 0 1 generic core
486 7 4 6 1.0 0 0 1 0.0 0 0 1 generic core
487 7 4 7 1.0 0 0 1 0.0 0 0 1 generic core
488 7 5 0 1.0 0 0 1 0.0 0 0 1 generic core
489 7 5 1 1.0 0 0 1 0.0 0 0 1 generic core
490 7 5 2 1.0 0 0 1 0.0 0 0 1 generic core
491 7 5 3 1.0 0 0 1 0.0 0 0 1 generic core
492 7 5 4 1.0 0 0 1 0.0 0 0 1 generic core
493 7 5 5 1.0 0 0 1 0.0 0 0 1 generic core
494 7 5 6 1.0 0 0 1 0.0 0 0 1 generic core
495 7 5 7 1.0 0 0 1 0.0 0 0 1 generic core
496 7 6 0 1.0 0 0 1 0.0 0 0 1 generic core
497 7 6 1 1.0 0 0 1 0.0 0 0 1 generic core
498 7 6 2 1.0 0 0 1 0.0 0 0 1 generic core
499 7 6 3 1.0 0 0 1 0.0 0 0 1 generic core
500 7 6 4 1.0 0 0 1 0.0 0 0 1 generic core
501 7 6 5 1.0 0 0 1 0.0 0 0 1 generic core
502 7 6 6 1.0 0 0 1 0.0 0 0 1 generic core
503 7 6 7 1.0 0 0 1 0.0 0 0 1 generic core
504 7 7 0 1.0 0 0 1 0.0 0 0 1 generic core
505 7 7 1 1.0 0 0 1 0.0 0 0 1 generic core
506 7 7 2 1.0 0 0 1 0.0 0 0 1 generic core
507 7 7 3 1.0 0 0 1 0.0 0 0 1 generic core
508 7 7 4 1.0 0 0 1 0.0 0 0 1 generic core
509 7 7 5 1.0 0 0 1 0.0 0 0 1 generic core
510 7 7 6 1.0 0 0 1 0.0 0 0 1 generic core
511 7 7 7 1.0 0 0 1 0.0 0 0 1 generic core
0 64 1.0
0 448 1.0
0 8 1.0
0 56 1.0
0 1 1.0
0 7 1.0
1 65 1.0
1 449 1.0
1 9 1.0
1 57 1.0
1 2 1.0
1 0 1.0
2 66 1.0
2 450 1.0
2 10 1.0
2 58 1.0
2 3 1.0
2 1 1.0
3 67 1.0
3 451 1.0
3 11 1.0
3 59 1.0
3 4 1.0
3 2 1.0
4 68 1.0
4 452 1.0
4 12 1.0
4 60 1.0
4 5 1.0
4 3 1.0
5 69 1.0
5 453 1.0
5 13 1.0
5 61 1.0
5 6 1.0
5 4 1.0
6 70 1.0
6 454 1.0
6 14 1.0
6 62 1.0
6 7 1.0
6 5 1.0
7 71 1.0
7 455 1.0
7 15 1.0
7 63 1.0
7 0 1.0
7 6 1.0
8 72 1.0
8 456 1.0
8 16 1.0
8 0 1.0
8 9 1.0
8 15 1.0
9 73 1.0
9 457 1.0
9 17 1.0
9 1 1.0
9 10 1.0
9 8 1.0
10 74 1.0
10 458 1.0
10 18 1.0
10 2 1.0
10 11 1.0
10 9 1.0
11 75 1.0
11 459 1.0
11 19 1.0
11 3 1.0
11 12 1.0
11 10 1.0
12 76 1.0
12 460 1.0
12 20 1.0
12 4 1.0
12 13 1.0
12 11 1.0
13 77 1.0
13 461 1.0
13 21 1.0
13 5 1.0
13 14 1.0
13 12 1.0
14 78 1.0
14 462 1.0
14 22 1.0
14 6 1.0
14 15 1.0
14 13 1.0
15 79 1.0
15 463 1.0
15 23 1.0
15 7 1.0
15 8 1.0
15 14 1.0
16 80 1.0
16 464 1.0
16 24 1.0
16 8 1.0
16 17 1.0
16 23 1.0
17 81 1.0
17 465 1.0
17 25 1.0
17 9 1.0
17 18 1.0
17 16 1.0
18 82 1.0
18 466 1.0
18 26 1.0
18 10 1.0
18 19 1.0
18 17 1.0
19 83 1.0
19 467 1.0
19 27 1.0
19 11 1.0
19 20 1.0
19 18 1.0
20 84 1.0
20 468 1.0
20 28 1.0
20 12 1.0
20 21 1.0
20 19 1.0
21 85 1.0
21 469 1.0
21 29 1.0
21 13 1.0
21 22 1.0
21 20 1.0
22 86 1.0
22 470 1.0
22 30 1.0
22 14 1.0
22 23 1.0
22 21 1.0
23 87 1.0
23 471 1.0
23 31 1.0
23 15 1.0
23 16 1.0
23 22 1.0
24 88 1.0
24 472 1.0
24 32 1.0
24 16 1.0
24 25 1.0
24 31 1.0
25 89 1.0
25 473 1.0
25 33 1.0
25 17 1.0
25 26 1.0
25 24 1.0
26 90 1.0
26 474 1.0
26 34 1.0
26 18 1.0
26 27 1.0
26 25 1.0
27 91 1.0
27 475 1.0
27 35 1.0
27 19 1.0
27 28 1.0
27 26 1.0
28 92 1.0
28 476 1.0
28 36 1.0
28 20 1.0
28 29 1.0
28 27 1.0
29 93 1.0
29 477 1.0
29 37 1.0
29 21 1.0
29 30 1.0
29 28 1.0
30 94 1.0
30 478 1.0
30 38 1.0
30 22 1.0
30 31 1.0
30 29 1.0
31 95 1.0
31 479 1.0
31 39 1.0
31 23 1.0
31 24 1.0
31 30 1.0
32 96 1.0
32 480 1.0
32 40 1.0
32 24 1.0
32 33 1.0
32 39 1.0
33 97 1.0
33 481 1.0
33 41 1.0
33 25 1.0
33 34 1.0
33 32 1.0
34 98 1.0
34 482 1.0
34 42 1.0
34 26 1.0
34 35 1.0
34 33 1.0
35 99 1.0
35 483 1.0
35 43 1.0
35 27 1.0
35 36 1.0
35 34 1.0
36 100 1.0
36 484 1.0
36 44 1.0
36 28 1.0
36 37 1.0
36 35 1.0
37 101 1.0
37 485 1.0
37 45 1.0
37 29 1.0
37 38 1.0
37 36 1.0
38 102 1.0
38 486 1.0
38 46 1.0
38 30 1.0
38 39 1.0
38 37 1.0
39 103 1.0
39 487 1.0
39 47 1.0
39 31 1.0
39 32 1.0
39 38 1.0
40 104 1.0
40 488 1.0
40 48 1.0
40 32 1.0
40 41 1.0
40 47 1.0
41 105 1.0
41 489 1.0
41 49 1.0
41 33 1.0
41 42 1.0
41 40 1.0
42 106 1.0
42 490 1.0
42 50 1.0
42 34 1.0
42 43 1.0
42 41 1.0
43 107 1.0
43 491 1.0
43 51 1.0
43 35 1.0
43 44 1.0
43 42 1.0
44 108 1.0
44 492 1.0
44 52 1.0
44 36 1.0
44 45 1.0
44 43 1.0
45 109 1.0
45 493 1.0
45 53 1.0
45 37 1.0
45 46 1.0
45 44 1.0
46 110 1.0
46 494 1.0
46 54 1.0
46 38 1.0
46 47 1.0
46 45 1.0
47 111 1.0
47 495 1.0
47 55 1.0
47 39 1.0
47 40 1.0
47 46 1.0
48 112 1.0
48 496 1.0
48 56 1.0
48 40 1.0
48 49 1.0
48 55 1.0
49 113 1.0
49 497 1.0
49 57 1.0
49 41 1.0
49 50 1.0
49 48 1.0
50 114 1.0
50 498 1.0
50 58 1.0
50 42 1.0
50 51 1.0
50 49 1.0
51 115 1.0
51 499 1.0
51 59 1.0
51 43 1.0
51 52 1.0
51 50 1.0
52 116 1.0
52 500 1.0
52 60 1.0
52 44 1.0
52 53 1.0
52 51 1.0
53 117 1.0
53 501 1.0
53 61 1.0
53 45 1.0
53 54 1.0
53 52 1.0
54 118 1.0
54 502 1.0
54 62 1.0
54 46 1.0
54 55 1.0
54 53 1.0
55 119 1.0
55 503 1.0
55 63 1.0
55 47 1.0
55 48 1.0
55 54 1.0
56 120 1.0
56 504 1.0
56 0 1.0
56 48 1.0
56 57 1.0
56 63 1.0
57 121 1.0
57 505 1.0
57 1 1.0
57 49 1.0
57 58 1.0
57 56 1.0
58 122 1.0
58 506 1.0
58 2 1.0
58 50 1.0
58 59 1.0
58 57 1.0
59 123 1.0
59 507 1.0
59 3 1.0
59 51 1.0
59 60 1.0
59 58 1.0
60 124 1.0
60 508 1.0
60 4 1.0
60 52 1.0
60 61 1.0
60 59 1.0
61 125 1.0
61 509 1.0
61 5 1.0
61 53 1.0
61 62 1.0
61 60 1.0
62 126 1.0
62 510 1.0
62 6 1.0
62 54 1.0
62 63 1.0
62 61 1.0
63 127 1.0
63 511 1.0
63 7 1.0
63 55 1.0
63 56 1.0
63 62 1.0
64 128 1.0
64 0 1.0
64 72 1.0
64 120 1.0
64 65 1.0
64 71 1.0
65 129 1.0
65 1 1.0
65 73 1.0
65 121 1.0
65 66 1.0
65 64 1.0
66 130 1.0
66 2 1.0
66 74 1.0
66 122 1.0
66 67 1.0
66 65 1.0
67 131 1.0
67 3 1.0
67 75 1.0
67 123 1.0
67 68 1.0
67 66 1.0
68 132 1.0
68 4 1.0
68 76 1.0
68 124 1.0
68 69 1.0
68 67 1.0
69 133 1.0
69 5 1.0
69 77 1.0
69 125 1.0
69 70 1.0
69 68 1.0
70 134 1.0
70 6 1.0
70 78 1.0
70 126 1.0
70 71 1.0
70 69 1.0
71 135 1.0
71 7 1.0
71 79 1.0
71 127 1.0
71 64 1.0
71 70 1.0
72 136 1.0
72 8 1.0
72 80 1.0
72 64 1.0
72 73 1.0
72 79 1.0
73 137 1.0
73 9 1.0
73 81 1.0
73 65 1.0
73 74 1.0
73 72 1.0
74 138 1.0
74 10 1.0
74 82 1.0
74 66 1.0
74 75 1.0
74 73 1.0
75 139 1.0
75 11 1.0
75 83 1.0
75 67 1.0
75 76 1.0
75 74 1.0
76 140 1.0
76 12 1.0
76 84 1.0
76 68 1.0
76 77 1.0
76 75 1.0
77 141 1.0
77 13 1.0
77 85 1.0
77 69 1.0
77 78 1.0
77 76 1.0
78 142 1.0
78 14 1.0
78 86 1.0
78 70 1.0
78 79 1.0
78 77 1.0
79 143 1.0
79 15 1.0
79 87 1.0
79 71 1.0
79 72 1.0
79 78 1.0
80 144 1.0
80 16 1.0
80 88 1.0
80 72 1.0
80 81 1.0
80 87 1.0
81 145 1.0
81 17 1.0
81 89 1.0
81 73 1.0
81 82 1.0
81 80 1.0
82 146 1.0
82 18 1.0
82 90 1.0
82 74 1.0
82 83 1.0
82 81 1.0
83 147 1.0
83 19 1.0
83 91 1.0
83 75 1.0
83 84 1.0
83 82 1.0
84 148 1.0
84 20 1.0
84 92 1.0
84 76 1.0
84 85 1.0
84 83 1.0
85 149 1.0
85 21 1.0
85 93 1.0
85 77 1.0
85 86 1.0
85 84 1.0
86 150 1.0
86 22 1.0
86 94 1.0
86 78 1.0
86 87 1.0
86 85 1.0
87 151 1.0
87 23 1.0
87 95 1.0
87 79 1.0
87 80 1.0
87 86 1.0
88 152 1.0
88 24 1.0
88 96 1.0
88 80 1.0
88 89 1.0
88 95 1.0
89 153 1.0
89 25 1.0
89 97 1.0
89 81 1.0
89 90 1.0
89 88 1.0
90 154 1.0
90 26 1.0
90 98 1.0
90 82 1.0
90 91 1.0
90 89 1.0
91 155 1.0
91 27 1.0
91 99 1.0
91 83 1.0
91 92 1.0
91 90 1.0
92 156 1.0
92 28 1.0
92 100 1.0
92 84 1.0
92 93 1.0
92 91 1.0
93 157 1.0
93 29 1.0
93 101 1.0
93 85 1.0
93 94 1.0
93 92 1.0
94 158 1.0
94 30 1.0
94 102 1.0
94 86 1.0
94 95 1.0
94 93 1.0
95 159 1.0
95 31 1.0
95 103 1.0
95 87 1.0
95 88 1.0
95 94 1.0
96 160 1.0
96 32 1.0
96 104 1.0
96 88 1.0
96 97 1.0
96 103 1.0
97 161 1.0
97 33 1.0
97 105 1.0
97 89 1.0
97 98 1.0
97 96 1.0
98 162 1.0
98 34 1.0
98 106 1.0
98 90 1.0
98 99 1.0
98 97 1.0
99 163 1.0
99 35 1.0
99 107 1.0
99 91 1.0
99 100 1.0
99 98 1.0
100 164 1.0
100 36 1.0
100 108 1.0
100 92 1.0
100 101 1.0
100 99 1.0
101 165 1.0
101 37 1.0
101 109 1.0
101 93 1.0
101 102 1.0
101 100 1.0
102 166 1.0
102 38 1.0
102 110 1.0
102 94 1.0
102 103 1.0
102 101 1.0
103 167 1.0
103 39 1.0
103 111 1.0
103 95 1.0
103 96 1.0
103 102 1.0
104 168 1.0
104 40 1.0
104 112 1.0
104 96 1.0
104 105 1.0
104 111 1.0
105 169 1.0
105 41 1.0
105 113 1.0
105 97 1.0
105 106 1.0
105 104 1.0
106 170 1.0
106 42 1.0
106 114 1.0
106 98 1.0
106 107 1.0
106 105 1.0
107 171 1.0
107 43 1.0
107 115 1.0
107 99 1.0
107 108 1.0
107 106 1.0
108 172 1.0
108 44 1.0
108 116 1.0
108 100 1.0
108 109 1.0
108 107 1.0
109 173 1.0
109 45 1.0
109 117 1.0
109 101 1.0
109 110 1.0
109 108 1.0
110 174 1.0
110 46 1.0
110 118 1.0
110 102 1.0
110 111 1.0
110 109 1.0
111 175 1.0
111 47 1.0
111 119 1.0
111 103 1.0
111 104 1.0
111 110 1.0
112 176 1.0
112 48 1.0
112 120 1.0
112 104 1.0
112 113 1.0
112 119 1.0
113 177 1.0
113 49 1.0
113 121 1.0
113 105 1.0
113 114 1.0
113 112 1.0
114 178 1.0
114 50 1.0
114 122 1.0
114 106 1.0
114 115 1.0
114 113 1.0
115 179 1.0
115 51 1.0
115 123 1.0
115 107 1.0
115 116 1.0
115 114 1.0
116 180 1.0
116 52 1.0
116 124 1.0
116 108 1.0
116 117 1.0
116 115 1.0
117 181 1.0
117 53 1.0
117 125 1.0
117 109 1.0
117 118 1.0
117 116 1.0
118 182 1.0
118 54 1.0
118 126 1.0
118 110 1.0
118 119 1.0
118 117 1.0
119 183 1.0
119 55 1.0
119 127 1.0
119 111 1.0
119 112 1.0
119 118 1.0
120 184 1.0
120 56 1.0
120 64 1.0
120 112 1.0
120 121 1.0
120 127 1.0
121 185 1.0
121 57 1.0
121 65 1.0
121 113 1.0
121 122 1.0
121 120 1.0
122 186 1.0
122 58 1.0
122 66 1.0
122 114 1.0
122 123 1.0
122 121 1.0
123 187 1.0
123 59 1.0
123 67 1.0
123 115 1.0
123 124 1.0
123 122 1.0
124 188 1.0
124 60 1.0
124 68 1.0
124 116 1.0
124 125 1.0
124 123 1.0
125 189 1.0
125 61 1.0
125 69 1.0
125 117 1.0
125 126 1.0
125 124 1.0
126 190 1.0
126 62 1.0
126 70 1.0
126 118 1.0
126 127 1.0
126 125 1.0
127 191 1.0
127 63 1.0
127 71 1.0
127 119 1.0
127 120 1.0
127 126 1.0
128 192 1.0
128 64 1.0
128 136 1.0
128 184 1.0
128 129 1.0
128 135 1.0
129 193 1.0
129 65 1.0
129 137 1.0
129 185 1.0
129 130 1.0
129 128 1.0
130 194 1.0
130 66 1.0
130 138 1.0
130 186 1.0
130 131 1.0
130 129 1.0
131 195 1.0
131 67 1.0
131 139 1.0
131 187 1.0
131 132 1.0
131 130 1.0
132 196 1.0
132 68 1.0
132 140 1.0
132 188 1.0
132 133 1.0
132 131 1.0
133 197 1.0
133 69 1.0
133 141 1.0
133 189 1.0
133 134 1.0
133 132 1.0
134 198 1.0
134 70 1.0
134 142 1.0
134 190 1.0
134 135 1.0
134 133 1.0
135 199 1.0
135 71 1.0
135 143 1.0
135 191 1.0
135 128 1.0
135 134 1.0
136 200 1.0
136 72 1.0
136 144 1.0
136 128 1.0
136 137 1.0
136 143 1.0
137 201 1.0
137 73 1.0
137 145 1.0
137 129 1.0
137 138 1.0
137 136 1.0
138 202 1.0
138 74 1.0
138 146 1.0
138 130 1.0
138 139 1.0
138 137 1.0
139 203 1.0
139 75 1.0
139 147 1.0
139 131 1.0
139 140 1.0
139 138 1.0
140 204 1.0
140 76 1.0
140 148 1.0
140 132 1.0
140 141 1.0
140 139 1.0
141 205 1.0
141 77 1.0
141 149 1.0
141 133 1.0
141 142 1.0
141 140 1.0
142 206 1.0
142 78 1.0
142 150 1.0
142 134 1.0
142 143 1.0
142 141 1.0
143 207 1.0
143 79 1.0
143 151 1.0
143 135 1.0
143 136 1.0
143 142 1.0
144 208 1.0
144 80 1.0
144 152 1.0
144 136 1.0
144 145 1.0
144 151 1.0
145 209 1.0
145 81 1.0
145 153 1.0
145 137 1.0
145 146 1.0
145 144 1.0
146 210 1.0
146 82 1.0
146 154 1.0
146 138 1.0
146 147 1.0
146 145 1.0
147 211 1.0
147 83 1.0
147 155 1.0
147 139 1.0
147 148 1.0
147 146 1.0
148 212 1.0
148 84 1.0
148 156 1.0
148 140 1.0
148 149 1.0
148 147 1.0
149 213 1.0
149 85 1.0
149 157 1.0
149 141 1.0
149 150 1.0
149 148 1.0
150 214 1.0
150 86 1.0
150 158 1.0
150 142 1.0
150 151 1.0
150 149 1.0
151 215 1.0
151 87 1.0
151 159 1.0
151 143 1.0
151 144 1.0
151 150 1.0
152 216 1.0
152 88 1.0
152 160 1.0
152 144 1.0
152 153 1.0
152 159 1.0
153 217 1.0
153 89 1.0
153 161 1.0
153 145 1.0
153 154 1.0
153 152 1.0
154 218 1.0
154 90 1.0
154 162 1.0
154 146 1.0
154 155 1.0
154 153 1.0
155 219 1.0
155 91 1.0
155 163 1.0
155 147 1.0
155 156 1.0
155 154 1.0
156 220 1.0
156 92 1.0
156 164 1.0
156 148 1.0
156 157 1.0
156 155 1.0
157 221 1.0
157 93 1.0
157 165 1.0
157 149 1.0
157 158 1.0
157 156 1.0
158 222 1.0
158 94 1.0
158 166 1.0
158 150 1.0
158 159 1.0
158 157 1.0
159 223 1.0
159 95 1.0
159 167 1.0
159 151 1.0
159 152 1.0
159 158 1.0
160 224 1.0
160 96 1.0
160 168 1.0
160 152 1.0
160 161 1.0
160 167 1.0
161 225 1.0
161 97 1.0
161 169 1.0
161 153 1.0
161 162 1.0
161 160 1.0
162 226 1.0
162 98 1.0
162 170 1.0
162 154 1.0
162 163 1.0
162 161 1.0
163 227 1.0
163 99 1.0
163 171 1.0
163 155 1.0
163 164 1.0
163 162 1.0
164 228 1.0
164 100 1.0
164 172 1.0
164 156 1.0
164 165 1.0
164 163 1.0
165 229 1.0
165 101 1.0
165 173 1.0
165 157 1.0
165 166 1.0
165 164 1.0
166 230 1.0
166 102 1.0
166 174 1.0
166 158 1.0
166 167 1.0
166 165 1.0
167 231 1.0
167 103 1.0
167 175 1.0
167 159 1.0
167 160 1.0
167 166 1.0
168 232 1.0
168 104 1.0
168 176 1.0
168 160 1.0
168 169 1.0
168 175 1.0
169 233 1.0
169 105 1.0
169 177 1.0
169 161 1.0
169 170 1.0
169 168 1.0
170 234 1.0
170 106 1.0
170 178 1.0
170 162 1.0
170 171 1.0
170 169 1.0
171 235 1.0
171 107 1.0
171 179 1.0
171 163 1.0
171 172 1.0
171 170 1.0
172 236 1.0
172 108 1.0
172 180 1.0
172 164 1.0
172 173 1.0
172 171 1.0
173 237 1.0
173 109 1.0
173 181 1.0
173 165 1.0
173 174 1.0
173 172 1.0
174 238 1.0
174 110 1.0
174 182 1.0
174 166 1.0
174 175 1.0
174 173 1.0
175 239 1.0
175 111 1.0
175 183 1.0
175 167 1.0
175 168 1.0
175 174 1.0
176 240 1.0
176 112 1.0
176 184 1.0
176 168 1.0
176 177 1.0
176 183 1.0
177 241 1.0
177 113 1.0
177 185 1.0
177 169 1.0
177 178 1.0
177 176 1.0
178 242 1.0
178 114 1.0
178 186 1.0
178 170 1.0
178 179 1.0
178 177 1.0
179 243 1.0
179 115 1.0
179 187 1.0
179 171 1.0
179 180 1.0
179 178 1.0
180 244 1.0
180 116 1.0
180 188 1.0
180 172 1.0
180 181 1.0
180 179 1.0
181 245 1.0
181 117 1.0
181 189 1.0
181 173 1.0
181 182 1.0
181 180 1.0
182 246 1.0
182 118 1.0
182 190 1.0
182 174 1.0
182 183 1.0
182 181 1.0
183 247 1.0
183 119 1.0
183 191 1.0
183 175 1.0
183 176 1.0
183 182 1.0
184 248 1.0
184 120 1.0
184 128 1.0
184 176 1.0
184 185 1.0
184 191 1.0
185 249 1.0
185 121 1.0
185 129 1.0
185 177 1.0
185 186 1.0
185 184 1.0
186 250 1.0
186 122 1.0
186 130 1.0
186 178 1.0
186 187 1.0
186 185 1.0
187 251 1.0
187 123 1.0
187 131 1.0
187 179 1.0
187 188 1.0
187 186 1.0
188 252 1.0
188 124 1.0
188 132 1.0
188 180 1.0
188 189 1.0
188 187 1.0
189 253 1.0
189 125 1.0
189 133 1.0
189 181 1.0
189 190 1.0
189 188 1.0
190 254 1.0
190 126 1.0
190 134 1.0
190 182 1.0
190 191 1.0
190 189 1.0
191 255 1.0
191 127 1.0
191 135 1.0
191 183 1.0
191 184 1.0
191 190 1.0
192 256 1.0
192 128 1.0
192 200 1.0
192 248 1.0
192 193 1.0
192 199 1.0
193 257 1.0
193 129 1.0
193 201 1.0
193 249 1.0
193 194 1.0
193 192 1.0
194 258 1.0
194 130 1.0
194 202 1.0
194 250 1.0
194 195 1.0
194 193 1.0
195 259 1.0
195 131 1.0
195 203 1.0
195 251 1.0
195 196 1.0
195 194 1.0
196 260 1.0
196 132 1.0
196 204 1.0
196 252 1.0
196 197 1.0
196 195 1.0
197 261 1.0
197 133 1.0
197 205 1.0
197 253 1.0
197 198 1.0
197 196 1.0
198 262 1.0
198 134 1.0
198 206 1.0
198 254 1.0
198 199 1.0
198 197 1.0
199 263 1.0
199 135 1.0
199 207 1.0
199 255 1.0
199 192 1.0
199 198 1.0
200 264 1.0
200 136 1.0
200 208 1.0
200 192 1.0
200 201 1.0
200 207 1.0
201 265 1.0
201 137 1.0
201 209 1.0
201 193 1.0
201 202 1.0
201 200 1.0
202 266 1.0
202 138 1.0
202 210 1.0
202 194 1.0
202 203 1.0
202 201 1.0
203 267 1.0
203 139 1.0
203 211 1.0
203 195 1.0
203 204 1.0
203 202 1.0
204 268 1.0
204 140 1.0
204 212 1.0
204 196 1.0
204 205 1.0
204 203 1.0
205 269 1.0
205 141 1.0
205 213 1.0
205 197 1.0
205 206 1.0
205 204 1.0
206 270 1.0
206 142 1.0
206 214 1.0
206 198 1.0
206 207 1.0
206 205 1.0
207 271 1.0
207 143 1.0
207 215 1.0
207 199 1.0
207 200 1.0
207 206 1.0
208 272 1.0
208 144 1.0
208 216 1.0
208 200 1.0
208 209 1.0
208 215 1.0
209 273 1.0
209 145 1.0
209 217 1.0
209 201 1.0
209 210 1.0
209 208 1.0
210 274 1.0
210 146 1.0
210 218 1.0
210 202 1.0
210 211 1.0
210 209 1.0
211 275 1.0
211 147 1.0
211 219 1.0
211 203 1.0
211 212 1.0
211 210 1.0
212 276 1.0
212 148 1.0
212 220 1.0
212 204 1.0
212 213 1.0
212 211 1.0
213 277 1.0
213 149 1.0
213 221 1.0
213 205 1.0
213 214 1.0
213 212 1.0
214 278 1.0
214 150 1.0
214 222 1.0
214 206 1.0
214 215 1.0
214 213 1.0
215 279 1.0
215 151 1.0
215 223 1.0
215 207 1.0
215 208 1.0
215 214 1.0
216 280 1.0
216 152 1.0
216 224 1.0
216 208 1.0
216 217 1.0
216 223 1.0
217 281 1.0
217 153 1.0
217 225 1.0
217 209 1.0
217 218 1.0
217 216 1.0
218 282 1.0
218 154 1.0
218 226 1.0
218 210 1.0
218 219 1.0
218 217 1.0
219 283 1.0
219 155 1.0
219 227 1.0
219 211 1.0
219 220 1.0
219 218 1.0
220 284 1.0
220 156 1.0
220 228 1.0
220 212 1.0
220 221 1.0
220 219 1.0
221 285 1.0
221 157 1.0
221 229 1.0
221 213 1.0
221 222 1.0
221 220 1.0
222 286 1.0
222 158 1.0
222 230 1.0
222 214 1.0
222 223 1.0
222 221 1.0
223 287 1.0
223 159 1.0
223 231 1.0
223 215 1.0
223 216 1.0
223 222 1.0
224 288 1.0
224 160 1.0
224 232 1.0
224 216 1.0
224 225 1.0
224 231 1.0
225 289 1.0
225 161 1.0
225 233 1.0
225 217 1.0
225 226 1.0
225 224 1.0
226 290 1.0
226 162 1.0
226 234 1.0
226 218 1.0
226 227 1.0
226 225 1.0
227 291 1.0
227 163 1.0
227 235 1.0
227 219 1.0
227 228 1.0
227 226 1.0
228 292 1.0
228 164 1.0
228 236 1.0
228 220 1.0
228 229 1.0
228 227 1.0
229 293 1.0
229 165 1.0
229 237 1.0
229 221 1.0
229 230 1.0
229 228 1.0
230 294 1.0
230 166 1.0
230 238 1.0
230 222 1.0
230 231 1.0
230 229 1.0
231 295 1.0
231 167 1.0
231 239 1.0
231 223 1.0
231 224 1.0
231 230 1.0
232 296 1.0
232 168 1.0
232 240 1.0
232 224 1.0
232 233 1.0
232 239 1.0
233 297 1.0
233 169 1.0
233 241 1.0
233 225 1.0
233 234 1.0
233 232 1.0
234 298 1.0
234 170 1.0
234 242 1.0
234 226 1.0
234 235 1.0
234 233 1.0
235 299 1.0
235 171 1.0
235 243 1.0
235 227 1.0
235 236 1.0
235 234 1.0
236 300 1.0
236 172 1.0
236 244 1.0
236 228 1.0
236 237 1.0
236 235 1.0
237 301 1.0
237 173 1.0
237 245 1.0
237 229 1.0
237 238 1.0
237 236 1.0
238 302 1.0
238 174 1.0
238 246 1.0
238 230 1.0
238 239 1.0
238 237 1.0
239 303 1.0
239 175 1.0
239 247 1.0
239 231 1.0
239 232 1.0
239 238 1.0
240 304 1.0
240 176 1.0
240 248 1.0
240 232 1.0
240 241 1.0
240 247 1.0
241 305 1.0
241 177 1.0
241 249 1.0
241 233 1.0
241 242 1.0
241 240 1.0
242 306 1.0
242 178 1.0
242 250 1.0
242 234 1.0
242 243 1.0
242 241 1.0
243 307 1.0
243 179 1.0
243 251 1.0
243 235 1.0
243 244 1.0
243 242 1.0
244 308 1.0
244 180 1.0
244 252 1.0
244 236 1.0
244 245 1.0
244 243 1.0
245 309 1.0
245 181 1.0
245 253 1.0
245 237 1.0
245 246 1.0
245 244 1.0
246 310 1.0
246 182 1.0
246 254 1.0
246 238 1.0
246 247 1.0
246 245 1.0
247 311 1.0
247 183 1.0
247 255 1.0
247 239 1.0
247 240 1.0
247 246 1.0
248 312 1.0
248 184 1.0
248 192 1.0
248 240 1.0
248 249 1.0
248 255 1.0
249 313 1.0
249 185 1.0
249 193 1.0
249 241 1.0
249 250 1.0
249 248 1.0
250 314 1.0
250 186 1.0
250 194 1.0
250 242 1.0
250 251 1.0
250 249 1.0
251 315 1.0
251 187 1.0
251 195 1.0
251 243 1.0
251 252 1.0
251 250 1.0
252 316 1.0
252 188 1.0
252 196 1.0
252 244 1.0
252 253 1.0
252 251 1.0
253 317 1.0
253 189 1.0
253 197 1.0
253 245 1.0
253 254 1.0
253 252 1.0
254 318 1.0
254 190 1.0
254 198 1.0
254 246 1.0
254 255 1.0
254 253 1.0
255 319 1.0
255 191 1.0
255 199 1.0
255 247 1.0
255 248 1.0
255 254 1.0
256 320 1.0
256 192 1.0
256 264 1.0
256 312 1.0
256 257 1.0
256 263 1.0
257 321 1.0
257 193 1.0
257 265 1.0
257 313 1.0
257 258 1.0
257 256 1.0
258 322 1.0
258 194 1.0
258 266 1.0
258 314 1.0
258 259 1.0
258 257 1.0
259 323 1.0
259 195 1.0
259 267 1.0
259 315 1.0
259 260 1.0
259 258 1.0
260 324 1.0
260 196 1.0
260 268 1.0
260 316 1.0
260 261 1.0
260 259 1.0
261 325 1.0
261 197 1.0
261 269 1.0
261 317 1.0
261 262 1.0
261 260 1.0
262 326 1.0
262 198 1.0
262 270 1.0
262 318 1.0
262 263 1.0
262 261 1.0
263 327 1.0
263 199 1.0
263 271 1.0
263 319 1.0
263 256 1.0
263 262 1.0
264 328 1.0
264 200 1.0
264 272 1.0
264 256 1.0
264 265 1.0
264 271 1.0
265 329 1.0
265 201 1.0
265 273 1.0
265 257 1.0
265 266 1.0
265 264 1.0
266 330 1.0
266 202 1.0
266 274 1.0
266 258 1.0
266 267 1.0
266 265 1.0
267 331 1.0
267 203 1.0
267 275 1.0
267 259 1.0
267 268 1.0
267 266 1.0
268 332 1.0
268 204 1.0
268 276 1.0
268 260 1.0
268 269 1.0
268 267 1.0
269 333 1.0
269 205 1.0
269 277 1.0
269 261 1.0
269 270 1.0
269 268 1.0
270 334 1.0
270 206 1.0
270 278 1.0
270 262 1.0
270 271 1.0
270 269 1.0
271 335 1.0
271 207 1.0
271 279 1.0
271 263 1.0
271 264 1.0
271 270 1.0
272 336 1.0
272 208 1.0
272 280 1.0
272 264 1.0
272 273 1.0
272 279 1.0
273 337 1.0
273 209 1.0
273 281 1.0
273 265 1.0
273 274 1.0
273 272 1.0
274 338 1.0
274 210 1.0
274 282 1.0
274 266 1.0
274 275 1.0
274 273 1.0
275 339 1.0
275 211 1.0
275 283 1.0
275 267 1.0
275 276 1.0
275 274 1.0
276 340 1.0
276 212 1.0
276 284 1.0
276 268 1.0
276 277 1.0
276 275 1.0
277 341 1.0
277 213 1.0
277 285 1.0
277 269 1.0
277 278 1.0
277 276 1.0
278 342 1.0
278 214 1.0
278 286 1.0
278 270 1.0
278 279 1.0
278 277 1.0
279 343 1.0
279 215 1.0
279 287 1.0
279 271 1.0
279 272 1.0
279 278 1.0
280 344 1.0
280 216 1.0
280 288 1.0
280 272 1.0
280 281 1.0
280 287 1.0
281 345 1.0
281 217 1.0
281 289 1.0
281 273 1.0
281 282 1.0
281 280 1.0
282 346 1.0
282 218 1.0
282 290 1.0
282 274 1.0
282 283 1.0
282 281 1.0
283 347 1.0
283 219 1.0
283 291 1.0
283 275 1.0
283 284 1.0
283 282 1.0
284 348 1.0
284 220 1.0
284 292 1.0
284 276 1.0
284 285 1.0
284 283 1.0
285 349 1.0
285 221 1.0
285 293 1.0
285 277 1.0
285 286 1.0
285 284 1.0
286 350 1.0
286 222 1.0
286 294 1.0
286 278 1.0
286 287 1.0
286 285 1.0
287 351 1.0
287 223 1.0
287 295 1.0
287 279 1.0
287 280 1.0
287 286 1.0
288 352 1.0
288 224 1.0
288 296 1.0
288 280 1.0
288 289 1.0
288 295 1.0
289 353 1.0
289 225 1.0
289 297 1.0
289 281 1.0
289 290 1.0
289 288 1.0
290 354 1.0
290 226 1.0
290 298 1.0
290 282 1.0
290 291 1.0
290 289 1.0
291 355 1.0
291 227 1.0
291 299 1.0
291 283 1.0
291 292 1.0
291 290 1.0
292 356 1.0
292 228 1.0
292 300 1.0
292 284 1.0
292 293 1.0
292 291 1.0
293 357 1.0
293 229 1.0
293 301 1.0
293 285 1.0
293 294 1.0
293 292 1.0
294 358 1.0
294 230 1.0
294 302 1.0
294 286 1.0
294 295 1.0
294 293 1.0
295 359 1.0
295 231 1.0
295 303 1.0
295 287 1.0
295 288 1.0
295 294 1.0
296 360 1.0
296 232 1.0
296 304 1.0
296 288 1.0
296 297 1.0
296 303 1.0
297 361 1.0
297 233 1.0
297 305 1.0
297 289 1.0
297 298 1.0
297 296 1.0
298 362 1.0
298 234 1.0
298 306 1.0
298 290 1.0
298 299 1.0
298 297 1.0
299 363 1.0
299 235 1.0
299 307 1.0
299 291 1.0
299 300 1.0
299 298 1.0
300 364 1.0
300 236 1.0
300 308 1.0
300 292 1.0
300 301 1.0
300 299 1.0
301 365 1.0
301 237 1.0
301 309 1.0
301 293 1.0
301 302 1.0
301 300 1.0
302 366 1.0
302 238 1.0
302 310 1.0
302 294 1.0
302 303 1.0
302 301 1.0
303 367 1.0
303 239 1.0
303 311 1.0
303 295 1.0
303 296 1.0
303 302 1.0
304 368 1.0
304 240 1.0
304 312 1.0
304 296 1.0
304 305 1.0
304 311 1.0
305 369 1.0
305 241 1.0
305 313 1.0
305 297 1.0
305 306 1.0
305 304 1.0
306 370 1.0
306 242 1.0
306 314 1.0
306 298 1.0
306 307 1.0
306 305 1.0
307 371 1.0
307 243 1.0
307 315 1.0
307 299 1.0
307 308 1.0
307 306 1.0
308 372 1.0
308 244 1.0
308 316 1.0
308 300 1.0
308 309 1.0
308 307 1.0
309 373 1.0
309 245 1.0
309 317 1.0
309 301 1.0
309 310 1.0
309 308 1.0
310 374 1.0
310 246 1.0
310 318 1.0
310 302 1.0
310 311 1.0
310 309 1.0
311 375 1.0
311 247 1.0
311 319 1.0
311 303 1.0
311 304 1.0
311 310 1.0
312 376 1.0
312 248 1.0
312 256 1.0
312 304 1.0
312 313 1.0
312 319 1.0
313 377 1.0
313 249 1.0
313 257 1.0
313 305 1.0
313 314 1.0
313 312 1.0
314 378 1.0
314 250 1.0
314 258 1.0
314 306 1.0
314 315 1.0
314 313 1.0
315 379 1.0
315 251 1.0
315 259 1.0
315 307 1.0
315 316 1.0
315 314 1.0
316 380 1.0
316 252 1.0
316 260 1.0
316 308 1.0
316 317 1.0
316 315 1.0
317 381 1.0
317 253 1.0
317 261 1.0
317 309 1.0
317 318 1.0
317 316 1.0
318 382 1.0
318 254 1.0
318 262 1.0
318 310 1.0
318 319 1.0
318 317 1.0
319 383 1.0
319 255 1.0
319 263 1.0
319 311 1.0
319 312 1.0
319 318 1.0
320 384 1.0
320 256 1.0
320 328 1.0
320 376 1.0
320 321 1.0
320 327 1.0
321 385 1.0
321 257 1.0
321 329 1.0
321 377 1.0
321 322 1.0
321 320 1.0
322 386 1.0
322 258 1.0
322 330 1.0
322 378 1.0
322 323 1.0
322 321 1.0
323 387 1.0
323 259 1.0
323 331 1.0
323 379 1.0
323 324 1.0
323 322 1.0
324 388 1.0
324 260 1.0
324 332 1.0
324 380 1.0
324 325 1.0
324 323 1.0
325 389 1.0
325 261 1.0
325 333 1.0
325 381 1.0
325 326 1.0
325 324 1.0
326 390 1.0
326 262 1.0
326 334 1.0
326 382 1.0
326 327 1.0
326 325 1.0
327 391 1.0
327 263 1.0
327 335 1.0
327 383 1.0
327 320 1.0
327 326 1.0
328 392 1.0
328 264 1.0
328 336 1.0
328 320 1.0
328 329 1.0
328 335 1.0
329 393 1.0
329 265 1.0
329 337 1.0
329 321 1.0
329 330 1.0
329 328 1.0
330 394 1.0
330 266 1.0
330 338 1.0
330 322 1.0
330 331 1.0
330 329 1.0
331 395 1.0
331 267 1.0
331 339 1.0
331 323 1.0
331 332 1.0
331 330 1.0
332 396 1.0
332 268 1.0
332 340 1.0
332 324 1.0
332 333 1.0
332 331 1.0
333 397 1.0
333 269 1.0
333 341 1.0
333 325 1.0
333 334 1.0
333 332 1.0
334 398 1.0
334 270 1.0
334 342 1.0
334 326 1.0
334 335 1.0
334 333 1.0
335 399 1.0
335 271 1.0
335 343 1.0
335 327 1.0
335 328 1.0
335 334 1.0
336 400 1.0
336 272 1.0
336 344 1.0
336 328 1.0
336 337 1.0
336 343 1.0
337 401 1.0
337 273 1.0
337 345 1.0
337 329 1.0
337 338 1.0
337 336 1.0
338 402 1.0
338 274 1.0
338 346 1.0
338 330 1.0
338 339 1.0
338 337 1.0
339 403 1.0
339 275 1.0
339 347 1.0
339 331 1.0
339 340 1.0
339 338 1.0
340 404 1.0
340 276 1.0
340 348 1.0
340 332 1.0
340 341 1.0
340 339 1.0
341 405 1.0
341 277 1.0
341 349 1.0
341 333 1.0
341 342 1.0
341 340 1.0
342 406 1.0
342 278 1.0
342 350 1.0
342 334 1.0
342 343 1.0
342 341 1.0
343 407 1.0
343 279 1.0
343 351 1.0
343 335 1.0
343 336 1.0
343 342 1.0
344 408 1.0
344 280 1.0
344 352 1.0
344 336 1.0
344 345 1.0
344 351 1.0
345 409 1.0
345 281 1.0
345 353 1.0
345 337 1.0
345 346 1.0
345 344 1.0
346 410 1.0
346 282 1.0
346 354 1.0
346 338 1.0
346 347 1.0
346 345 1.0
347 411 1.0
347 283 1.0
347 355 1.0
347 339 1.0
347 348 1.0
347 346 1.0
348 412 1.0
348 284 1.0
348 356 1.0
348 340 1.0
348 349 1.0
348 347 1.0
349 413 1.0
349 285 1.0
349 357 1.0
349 341 1.0
349 350 1.0
349 348 1.0
350 414 1.0
350 286 1.0
350 358 1.0
350 342 1.0
350 351 1.0
350 349 1.0
351 415 1.0
351 287 1.0
351 359 1.0
351 343 1.0
351 344 1.0
351 350 1.0
352 416 1.0
352 288 1.0
352 360 1.0
352 344 1.0
352 353 1.0
352 359 1.0
353 417 1.0
353 289 1.0
353 361 1.0
353 345 1.0
353 354 1.0
353 352 1.0
354 418 1.0
354 290 1.0
354 362 1.0
354 346 1.0
354 355 1.0
354 353 1.0
355 419 1.0
355 291 1.0
355 363 1.0
355 347 1.0
355 356 1.0
355 354 1.0
356 420 1.0
356 292 1.0
356 364 1.0
356 348 1.0
356 357 1.0
356 355 1.0
357 421 1.0
357 293 1.0
357 365 1.0
357 349 1.0
357 358 1.0
357 356 1.0
358 422 1.0
358 294 1.0
358 366 1.0
358 350 1.0
358 359 1.0
358 357 1.0
359 423 1.0
359 295 1.0
359 367 1.0
359 351 1.0
359 352 1.0
359 358 1.0
360 424 1.0
360 296 1.0
360 368 1.0
360 352 1.0
360 361 1.0
360 367 1.0
361 425 1.0
361 297 1.0
361 369 1.0
361 353 1.0
361 362 1.0
361 360 1.0
362 426 1.0
362 298 1.0
362 370 1.0
362 354 1.0
362 363 1.0
362 361 1.0
363 427 1.0
363 299 1.0
363 371 1.0
363 355 1.0
363 364 1.0
363 362 1.0
364 428 1.0
364 300 1.0
364 372 1.0
364 356 1.0
364 365 1.0
364 363 1.0
365 429 1.0
365 301 1.0
365 373 1.0
365 357 1.0
365 366 1.0
365 364 1.0
366 430 1.0
366 302 1.0
366 374 1.0
366 358 1.0
366 367 1.0
366 365 1.0
367 431 1.0
367 303 1.0
367 375 1.0
367 359 1.0
367 360 1.0
367 366 1.0
368 432 1.0
368 304 1.0
368 376 1.0
368 360 1.0
368 369 1.0
368 375 1.0
369 433 1.0
369 305 1.0
369 377 1.0
369 361 1.0
369 370 1.0
369 368 1.0
370 434 1.0
370 306 1.0
370 378 1.0
370 362 1.0
370 371 1.0
370 369 1.0
371 435 1.0
371 307 1.0
371 379 1.0
371 363 1.0
371 372 1.0
371 370 1.0
372 436 1.0
372 308 1.0
372 380 1.0
372 364 1.0
372 373 1.0
372 371 1.0
373 437 1.0
373 309 1.0
373 381 1.0
373 365 1.0
373 374 1.0
373 372 1.0
374 438 1.0
374 310 1.0
374 382 1.0
374 366 1.0
374 375 1.0
374 373 1.0
375 439 1.0
375 311 1.0
375 383 1.0
375 367 1.0
375 368 1.0
375 374 1.0
376 440 1.0
376 312 1.0
376 320 1.0
376 368 1.0
376 377 1.0
376 383 1.0
377 441 1.0
377 313 1.0
377 321 1.0
377 369 1.0
377 378 1.0
377 376 1.0
378 442 1.0
378 314 1.0
378 322 1.0
378 370 1.0
378 379 1.0
378 377 1.0
379 443 1.0
379 315 1.0
379 323 1.0
379 371 1.0
379 380 1.0
379 378 1.0
380 444 1.0
380 316 1.0
380 324 1.0
380 372 1.0
380 381 1.0
380 379 1.0
381 445 1.0
381 317 1.0
381 325 1.0
381 373 1.0
381 382 1.0
381 380 1.0
382 446 1.0
382 318 1.0
382 326 1.0
382 374 1.0
382 383 1.0
382 381 1.0
383 447 1.0
383 319 1.0
383 327 1.0
383 375 1.0
383 376 1.0
383 382 1.0
384 448 1.0
384 320 1.0
384 392 1.0
384 440 1.0
384 385 1.0
384 391 1.0
385 449 1.0
385 321 1.0
385 393 1.0
385 441 1.0
385 386 1.0
385 384 1.0
386 450 1.0
386 322 1.0
386 394 1.0
386 442 1.0
386 387 1.0
386 385 1.0
387 451 1.0
387 323 1.0
387 395 1.0
387 443 1.0
387 388 1.0
387 386 1.0
388 452 1.0
388 324 1.0
388 396 1.0
388 444 1.0
388 389 1.0
388 387 1.0
389 453 1.0
389 325 1.0
389 397 1.0
389 445 1.0
389 390 1.0
389 388 1.0
390 454 1.0
390 326 1.0
390 398 1.0
390 446 1.0
390 391 1.0
390 389 1.0
391 455 1.0
391 327 1.0
391 399 1.0
391 447 1.0
391 384 1.0
391 390 1.0
392 456 1.0
392 328 1.0
392 400 1.0
392 384 1.0
392 393 1.0
392 399 1.0
393 457 1.0
393 329 1.0
393 401 1.0
393 385 1.0
393 394 1.0
393 392 1.0
394 458 1.0
394 330 1.0
394 402 1.0
394 386 1.0
394 395 1.0
394 393 1.0
395 459 1.0
395 331 1.0
395 403 1.0
395 387 1.0
395 396 1.0
395 394 1.0
396 460 1.0
396 332 1.0
396 404 1.0
396 388 1.0
396 397 1.0
396 395 1.0
397 461 1.0
397 333 1.0
397 405 1.0
397 389 1.0
397 398 1.0
397 396 1.0
398 462 1.0
398 334 1.0
398 406 1.0
398 390 1.0
398 399 1.0
398 397 1.0
399 463 1.0
399 335 1.0
399 407 1.0
399 391 1.0
399 392 1.0
399 398 1.0
400 464 1.0
400 336 1.0
400 408 1.0
400 392 1.0
400 401 1.0
400 407 1.0
401 465 1.0
401 337 1.0
401 409 1.0
401 393 1.0
401 402 1.0
401 400 1.0
402 466 1.0
402 338 1.0
402 410 1.0
402 394 1.0
402 403 1.0
402 401 1.0
403 467 1.0
403 339 1.0
403 411 1.0
403 395 1.0
403 404 1.0
403 402 1.0
404 468 1.0
404 340 1.0
404 412 1.0
404 396 1.0
404 405 1.0
404 403 1.0
405 469 1.0
405 341 1.0
405 413 1.0
405 397 1.0
405 406 1.0
405 404 1.0
406 470 1.0
406 342 1.0
406 414 1.0
406 398 1.0
406 407 1.0
406 405 1.0
407 471 1.0
407 343 1.0
407 415 1.0
407 399 1.0
407 400 1.0
407 406 1.0
408 472 1.0
408 344 1.0
408 416 1.0
408 400 1.0
408 409 1.0
408 415 1.0
409 473 1.0
409 345 1.0
409 417 1.0
409 401 1.0
409 410 1.0
409 408 1.0
410 474 1.0
410 346 1.0
410 418 1.0
410 402 1.0
410 411 1.0
410 409 1.0
411 475 1.0
411 347 1.0
411 419 1.0
411 403 1.0
411 412 1.0
411 410 1.0
412 476 1.0
412 348 1.0
412 420 1.0
412 404 1.0
412 413 1.0
412 411 1.0
413 477 1.0
413 349 1.0
413 421 1.0
413 405 1.0
413 414 1.0
413 412 1.0
414 478 1.0
414 350 1.0
414 422 1.0
414 406 1.0
414 415 1.0
414 413 1.0
415 479 1.0
415 351 1.0
415 423 1.0
415 407 1.0
415 408 1.0
415 414 1.0
416 480 1.0
416 352 1.0
416 424 1.0
416 408 1.0
416 417 1.0
416 423 1.0
417 481 1.0
417 353 1.0
417 425 1.0
417 409 1.0
417 418 1.0
417 416 1.0
418 482 1.0
418 354 1.0
418 426 1.0
418 410 1.0
418 419 1.0
418 417 1.0
419 483 1.0
419 355 1.0
419 427 1.0
419 411 1.0
419 420 1.0
419 418 1.0
420 484 1.0
420 356 1.0
420 428 1.0
420 412 1.0
420 421 1.0
420 419 1.0
421 485 1.0
421 357 1.0
421 429 1.0
421 413 1.0
421 422 1.0
421 420 1.0
422 486 1.0
422 358 1.0
422 430 1.0
422 414 1.0
422 423 1.0
422 421 1.0
423 487 1.0
423 359 1.0
423 431 1.0
423 415 1.0
423 416 1.0
423 422 1.0
424 488 1.0
424 360 1.0
424 432 1.0
424 416 1.0
424 425 1.0
424 431 1.0
425 489 1.0
425 361 1.0
425 433 1.0
425 417 1.0
425 426 1.0
425 424 1.0
426 490 1.0
426 362 1.0
426 434 1.0
426 418 1.0
426 427 1.0
426 425 1.0
427 491 1.0
427 363 1.0
427 435 1.0
427 419 1.0
427 428 1.0
427 426 1.0
428 492 1.0
428 364 1.0
428 436 1.0
428 420 1.0
428 429 1.0
428 427 1.0
429 493 1.0
429 365 1.0
429 437 1.0
429 421 1.0
429 430 1.0
429 428 1.0
430 494 1.0
430 366 1.0
430 438 1.0
430 422 1.0
430 431 1.0
430 429 1.0
431 495 1.0
431 367 1.0
431 439 1.0
431 423 1.0
431 424 1.0
431 430 1.0
432 496 1.0
432 368 1.0
432 440 1.0
432 424 1.0
432 433 1.0
432 439 1.0
433 497 1.0
433 369 1.0
433 441 1.0
433 425 1.0
433 434 1.0
433 432 1.0
434 498 1.0
434 370 1.0
434 442 1.0
434 426 1.0
434 435 1.0
434 433 1.0
435 499 1.0
435 371 1.0
435 443 1.0
435 427 1.0
435 436 1.0
435 434 1.0
436 500 1.0
436 372 1.0
436 444 1.0
436 428 1.0
436 437 1.0
436 435 1.0
437 501 1.0
437 373 1.0
437 445 1.0
437 429 1.0
437 438 1.0
437 436 1.0
438 502 1.0
438 374 1.0
438 446 1.0
438 430 1.0
438 439 1.0
438 437 1.0
439 503 1.0
439 375 1.0
439 447 1.0
439 431 1.0
439 432 1.0
439 438 1.0
440 504 1.0
440 376 1.0
440 384 1.0
440 432 1.0
440 441 1.0
440 447 1.0
441 505 1.0
441 377 1.0
441 385 1.0
441 433 1.0
441 442 1.0
441 440 1.0
442 506 1.0
442 378 1.0
442 386 1.0
442 434 1.0
442 443 1.0
442 441 1.0
443 507 1.0
443 379 1.0
443 387 1.0
443 435 1.0
443 444 1.0
443 442 1.0
444 508 1.0
444 380 1.0
444 388 1.0
444 436 1.0
444 445 1.0
444 443 1.0
445 509 1.0
445 381 1.0
445 389 1.0
445 437 1.0
445 446 1.0
445 444 1.0
446 510 1.0
446 382 1.0
446 390 1.0
446 438 1.0
446 447 1.0
446 445 1.0
447 511 1.0
447 383 1.0
447 391 1.0
447 439 1.0
447 440 1.0
447 446 1.0
448 0 1.0
448 384 1.0
448 456 1.0
448 504 1.0
448 449 1.0
448 455 1.0
449 1 1.0
449 385 1.0
449 457 1.0
449 505 1.0
449 450 1.0
449 448 1.0
450 2 1.0
450 386 1.0
450 458 1.0
450 506 1.0
450 451 1.0
450 449 1.0
451 3 1.0
451 387 1.0
451 459 1.0
451 507 1.0
451 452 1.0
451 450 1.0
452 4 1.0
452 388 1.0
452 460 1.0
452 508 1.0
452 453 1.0
452 451 1.0
453 5 1.0
453 389 1.0
453 461 1.0
453 509 1.0
453 454 1.0
453 452 1.0
454 6 1.0
454 390 1.0
454 462 1.0
454 510 1.0
454 455 1.0
454 453 1.0
455 7 1.0
455 391 1.0
455 463 1.0
455 511 1.0
455 448 1.0
455 454 1.0
456 8 1.0
456 392 1.0
456 464 1.0
456 448 1.0
456 457 1.0
456 463 1.0
457 9 1.0
457 393 1.0
457 465 1.0
457 449 1.0
457 458 1.0
457 456 1.0
458 10 1.0
458 394 1.0
458 466 1.0
458 450 1.0
458 459 1.0
458 457 1.0
459 11 1.0
459 395 1.0
459 467 1.0
459 451 1.0
459 460 1.0
459 458 1.0
460 12 1.0
460 396 1.0
460 468 1.0
460 452 1.0
460 461 1.0
460 459 1.0
461 13 1.0
461 397 1.0
461 469 1.0
461 453 1.0
461 462 1.0
461 460 1.0
462 14 1.0
462 398 1.0
462 470 1.0
462 454 1.0
462 463 1.0
462 461 1.0
463 15 1.0
463 399 1.0
463 471 1.0
463 455 1.0
463 456 1.0
463 462 1.0
464 16 1.0
464 400 1.0
464 472 1.0
464 456 1.0
464 465 1.0
464 471 1.0
465 17 1.0
465 401 1.0
465 473 1.0
465 457 1.0
465 466 1.0
465 464 1.0
466 18 1.0
466 402 1.0
466 474 1.0
466 458 1.0
466 467 1.0
466 465 1.0
467 19 1.0
467 403 1.0
467 475 1.0
467 459 1.0
467 468 1.0
467 466 1.0
468 20 1.0
468 404 1.0
468 476 1.0
468 460 1.0
468 469 1.0
468 467 1.0
469 21 1.0
469 405 1.0
469 477 1.0
469 461 1.0
469 470 1.0
469 468 1.0
470 22 1.0
470 406 1.0
470 478 1.0
470 462 1.0
470 471 1.0
470 469 1.0
471 23 1.0
471 407 1.0
471 479 1.0
471 463 1.0
471 464 1.0
471 470 1.0
472 24 1.0
472 408 1.0
472 480 1.0
472 464 1.0
472 473 1.0
472 479 1.0
473 25 1.0
473 409 1.0
473 481 1.0
473 465 1.0
473 474 1.0
473 472 1.0
474 26 1.0
474 410 1.0
474 482 1.0
474 466 1.0
474 475 1.0
474 473 1.0
475 27 1.0
475 411 1.0
475 483 1.0
475 467 1.0
475 476 1.0
475 474 1.0
476 28 1.0
476 412 1.0
476 484 1.0
476 468 1.0
476 477 1.0
476 475 1.0
477 29 1.0
477 413 1.0
477 485 1.0
477 469 1.0
477 478 1.0
477 476 1.0
478 30 1.0
478 414 1.0
478 486 1.0
478 470 1.0
478 479 1.0
478 477 1.0
479 31 1.0
479 415 1.0
479 487 1.0
479 471 1.0
479 472 1.0
479 478 1.0
480 32 1.0
480 416 1.0
480 488 1.0
480 472 1.0
480 481 1.0
480 487 1.0
481 33 1.0
481 417 1.0
481 489 1.0
481 473 1.0
481 482 1.0
481 480 1.0
482 34 1.0
482 418 1.0
482 490 1.0
482 474 1.0
482 483 1.0
482 481 1.0
483 35 1.0
483 419 1.0
483 491 1.0
483 475 1.0
483 484 1.0
483 482 1.0
484 36 1.0
484 420 1.0
484 492 1.0
484 476 1.0
484 485 1.0
484 483 1.0
485 37 1.0
485 421 1.0
485 493 1.0
485 477 1.0
485 486 1.0
485 484 1.0
486 38 1.0
486 422 1.0
486 494 1.0
486 478 1.0
486 487 1.0
486 485 1.0
487 39 1.0
487 423 1.0
487 495 1.0
487 479 1.0
487 480 1.0
487 486 1.0
488 40 1.0
488 424 1.0
488 496 1.0
488 480 1.0
488 489 1.0
488 495 1.0
489 41 1.0
489 425 1.0
489 497 1.0
489 481 1.0
489 490 1.0
489 488 1.0
490 42 1.0
490 426 1.0
490 498 1.0
490 482 1.0
490 491 1.0
490 489 1.0
491 43 1.0
491 427 1.0
491 499 1.0
491 483 1.0
491 492 1.0
491 490 1.0
492 44 1.0
492 428 1.0
492 500 1.0
492 484 1.0
492 493 1.0
492 491 1.0
493 45 1.0
493 429 1.0
493 501 1.0
493 485 1.0
493 494 1.0
493 492 1.0
494 46 1.0
494 430 1.0
494 502 1.0
494 486 1.0
494 495 1.0
494 493 1.0
495 47 1.0
495 431 1.0
495 503 1.0
495 487 1.0
495 488 1.0
495 494 1.0
496 48 1.0
496 432 1.0
496 504 1.0
496 488 1.0
496 497 1.0
496 503 1.0
497 49 1.0
497 433 1.0
497 505 1.0
497 489 1.0
497 498 1.0
497 496 1.0
498 50 1.0
498 434 1.0
498 506 1.0
498 490 1.0
498 499 1.0
498 497 1.0
499 51 1.0
499 435 1.0
499 507 1.0
499 491 1.0
499 500 1.0
499 498 1.0
500 52 1.0
500 436 1.0
500 508 1.0
500 492 1.0
500 501 1.0
500 499 1.0
501 53 1.0
501 437 1.0
501 509 1.0
501 493 1.0
501 502 1.0
501 500 1.0
502 54 1.0
502 438 1.0
502 510 1.0
502 494 1.0
502 503 1.0
502 501 1.0
503 55 1.0
503 439 1.0
503 511 1.0
503 495 1.0
503 496 1.0
503 502 1.0
504 56 1.0
504 440 1.0
504 448 1.0
504 496 1.0
504 505 1.0
504 511 1.0
505 57 1.0
505 441 1.0
505 449 1.0
505 497 1.0
505 506 1.0
505 504 1.0
506 58 1.0
506 442 1.0
506 450 1.0
506 498 1.0
506 507 1.0
506 505 1.0
507 59 1.0
507 443 1.0
507 451 1.0
507 499 1.0
507 508 1.0
507 506 1.0
508 60 1.0
508 444 1.0
508 452 1.0
508 500 1.0
508 509 1.0
508 507 1.0
509 61 1.0
509 445 1.0
509 453 1.0
509 501 1.0
509 510 1.0
509 508 1.0
510 62 1.0
510 446 1.0
510 454 1.0
510 502 1.0
510 511 1.0
510 509 1.0
511 63 1.0
511 447 1.0
511 455 1.0
511 503 1.0
511 504 1.0
511 510 1.0
